%YAML:1.0
---
camera_matrix: !!opencv-matrix
   rows: 3
   cols: 3
   dt: d
   data: [ 4.4682844727328184e+03, 0., 4.1436631387929401e+02, 0.,
       4.4708169857910634e+03, 1.1937922852654040e+02, 0., 0., 1. ]
dist_coeffs: !!opencv-matrix
   rows: 1
   cols: 5
   dt: d
   data: [ 3.8247466420072168e-01, -2.9605329480427258e+01,
       2.0114078849985586e-02, -3.9709237547105270e-03,
       -6.3282669569339062e-02 ]
