%YAML:1.0
---
K1: !!opencv-matrix
   rows: 3
   cols: 3
   dt: d
   data: [ 4.9999997987876964e+02, 0., 3.1999981331061417e+02, 0.,
       4.9999994556941914e+02, 2.4000001122840877e+02, 0., 0., 1. ]
D1: !!opencv-matrix
   rows: 1
   cols: 5
   dt: d
   data: [ 5.3661584463561549e-07, -3.6497818030198192e-06,
       -9.7307709200702333e-09, -2.0050546823019765e-08,
       6.5178248456802351e-06 ]
K2: !!opencv-matrix
   rows: 3
   cols: 3
   dt: d
   data: [ 5.0000044459778348e+02, 0., 3.2000010105561933e+02, 0.,
       5.0000045068520677e+02, 2.4000001360166721e+02, 0., 0., 1. ]
D2: !!opencv-matrix
   rows: 1
   cols: 5
   dt: d
   data: [ 2.2583717620532295e-07, -7.3507547533887611e-07,
       8.2900237274656499e-09, -3.5854451725196270e-08,
       6.4243954709253419e-07 ]
R: !!opencv-matrix
   rows: 3
   cols: 3
   dt: d
   data: [ 9.9999999999997524e-01, 1.0515370821858328e-08,
       -2.2233594094991003e-07, -1.0515375804789997e-08,
       9.9999999999999967e-01, -2.2451136392663842e-08,
       2.2233594071424238e-07, 2.2451138726504905e-08,
       9.9999999999997502e-01 ]
T: !!opencv-matrix
   rows: 3
   cols: 1
   dt: d
   data: [ -1.2000010462296586e+02, 5.8786927706288601e-06,
       2.9695476047649578e-04 ]
E: !!opencv-matrix
   rows: 3
   cols: 3
   dt: d
   data: [ 4.4296355907595363e-12, -2.9695476034451233e-04,
       5.8786994376005435e-06, 3.2363509662364302e-04,
       2.6941421186747328e-06, 1.2000010462289684e+02,
       -4.6168465739041110e-06, -1.2000010462296588e+02,
       2.6941400230688263e-06 ]
F: !!opencv-matrix
   rows: 3
   cols: 3
   dt: d
   data: [ 2.5933404319148580e-13, -1.7385286521109946e-05,
       4.3445537814836123e-03, 1.8947291573900393e-05,
       1.5772918419344602e-07, 3.5127106955100990e+03,
       -4.6824976154232938e-03, -3.5127148197162642e+03, 1. ]
image_width: 640
image_height: 480
